# Blender 4.3.2
# www.blender.org
mtllib Bunny_triangle_2.mtl
o Bunny-LowPoly
v 29.226992 44.539494 -18.707151
v 46.159988 49.961536 -16.625916
v 36.518944 43.721592 -26.357403
v 46.750908 10.309030 33.683292
v 55.259842 14.605011 29.120697
v 55.135765 21.711510 33.818977
v 31.117165 112.434212 -26.499443
v 23.362013 106.938759 -20.396402
v 29.542870 111.693085 -11.765723
v 13.977301 65.433876 17.521719
v 12.460421 52.311466 27.631361
v 27.161108 64.589813 20.210508
v 21.050880 31.485106 -14.744042
v 5.591862 48.569427 -20.200201
v 56.676582 42.754032 -18.933500
v 63.935928 34.695133 -15.736155
v -19.512016 57.556541 24.397982
v -22.721935 64.221367 26.361109
v -22.557022 60.116085 7.863877
v 63.092522 22.043007 -13.910298
v 74.103683 25.026283 2.433340
v 65.392700 12.979102 -1.685113
v 8.380380 107.663826 -43.984310
v 18.309347 97.114212 -45.197327
v 6.276077 90.716042 -42.754452
v 56.439388 14.206014 -12.568314
v 49.960499 29.366737 -21.494259
v 7.373121 19.886049 20.273106
v 10.061195 10.217390 10.791482
v 7.337845 15.425775 24.842545
v 38.374302 16.788998 -19.974197
v 28.565018 32.567257 -26.427288
v -1.814861 11.859421 7.484867
v -0.456871 5.253883 12.881787
v 10.393107 14.842429 -6.124787
v 31.862989 15.076270 -17.091349
v 13.467396 8.858381 -17.502567
v 4.804572 78.931030 -10.327667
v 9.657615 79.935822 -7.293525
v 11.322732 68.510033 -10.695372
v 82.996773 31.685160 9.758068
v 82.011826 25.699102 22.448847
v 84.232941 23.274181 10.809189
v 16.219772 112.513641 -41.004177
v 3.330716 82.537445 -19.617216
v 4.804305 89.171173 -14.353054
v -23.889854 67.722076 7.028679
v -17.016325 62.737965 -6.631052
v 10.397546 89.709541 3.888087
v 22.616880 96.787277 -2.458947
v 7.051953 92.852959 3.029980
v 19.874365 7.225319 37.050163
v 31.452627 15.389469 34.743919
v 17.847952 17.253424 29.947573
v 28.902403 94.550209 -20.602587
v 36.363209 93.380737 -19.849846
v 59.223038 63.991158 -11.886848
v 68.242119 51.547035 -9.494752
v 57.814293 53.833424 -13.204912
v 77.160118 40.035561 20.248390
v 64.277557 17.089655 29.077145
v 75.235497 30.358242 20.461643
v 38.195709 110.779343 -23.468212
v 35.363232 105.768845 -30.643520
v 55.152161 50.349213 35.401314
v 71.847755 51.512608 25.795000
v 62.428028 60.188969 28.382292
v 76.141289 55.115955 2.216267
v 77.443840 31.786386 9.292519
v -20.511681 46.441719 9.214548
v -15.619654 41.253635 19.234953
v -15.295059 55.172718 17.339926
v 48.751999 75.248901 10.750254
v 63.769543 69.472572 6.074312
v 50.795670 72.232697 -1.508498
v -16.081835 36.272312 -1.182789
v -7.135612 23.835348 15.087037
v -10.108046 31.131956 20.983580
v 13.184771 81.565674 -0.510763
v 16.881767 71.507210 3.674679
v -7.096308 82.828041 -11.379349
v 4.598203 84.128960 -36.358456
v -17.362780 54.555843 2.177474
v -5.462559 58.636871 -11.136494
v -8.192490 44.901501 -14.455393
v -2.564851 77.948547 -12.458483
v 1.880368 110.211441 -37.066368
v -2.582051 90.299576 -3.291964
v 9.679700 100.124702 -4.997551
v -4.205371 93.740364 8.040327
v 6.386195 90.643585 -8.425776
v -21.593699 86.379417 5.908784
v -14.117411 88.405998 16.906992
v -20.018257 77.262794 24.491413
v -19.341692 78.161926 1.290740
v 74.177460 41.442955 -6.971712
v 3.630415 88.538704 19.401827
v -6.772095 83.070396 27.367222
v -7.553542 24.984909 -1.506406
v 16.296309 28.901667 30.711380
v 8.905133 5.274907 -5.376803
v 54.831985 5.351871 -12.990793
v 54.923351 5.376235 0.264993
v 22.395800 5.311866 -18.550373
v 47.880558 72.037971 23.292019
v 42.551220 64.351578 31.091362
v -6.452787 5.375844 22.764629
v -4.462166 103.480209 -33.056183
v 32.650837 59.561928 -16.574064
v 6.239258 21.569592 -4.278805
v -4.711780 55.313019 24.598978
v -1.693329 44.653904 30.414913
v 74.377953 5.280865 16.983009
v 67.265984 5.335831 25.761890
v -5.434093 7.630634 -1.448322
v 67.756691 64.532501 19.785345
v 42.713348 30.459379 41.427631
v 62.885677 37.382732 34.117687
v 49.207832 41.972366 39.966232
v 27.724054 41.868996 39.776821
v 31.180925 27.114344 41.306591
v 39.498386 46.218288 40.304123
v 29.236950 68.702370 -1.372280
v -9.316551 87.904594 -8.589153
v 1.371671 8.035669 29.638382
v -4.245932 94.469864 -23.641005
v -14.483150 70.881027 32.904858
v 19.485271 93.621155 -38.630070
v 17.373781 62.434635 -15.595675
v 43.605114 63.727177 -11.608113
v 21.240665 104.226685 -36.328995
v 5.315333 80.260056 16.999882
v -5.818198 62.803837 33.934971
v 1.500826 65.004501 25.917610
v 70.471558 5.294834 5.591371
v 23.549337 47.895332 31.615866
v -1.425834 35.927811 28.697832
v 41.233246 32.638805 -26.831974
v 79.977448 21.758730 3.087993
v 30.041061 103.612564 -30.601151
v 46.470150 5.312054 32.180119
v 2.113453 32.444763 -16.716484
v 12.697721 5.310379 28.181570
v 6.419781 13.851887 6.827970
v 3.269821 94.082901 -34.315594
v 10.608130 101.516609 -28.953554
v -2.154797 100.336327 -20.623608
v 35.530037 95.245407 -14.819423
s 0
f 1 2 3
f 4 5 6
f 7 8 9
f 10 11 12
f 1 13 14
f 15 16 3
f 17 18 19
f 20 21 22
f 23 24 25
f 26 27 20
f 28 29 30
f 27 31 32
f 33 34 29
f 35 36 37
f 38 39 40
f 41 42 43
f 44 24 23
f 38 45 46
f 47 48 19
f 49 50 51
f 52 53 54
f 55 56 39
f 57 58 59
f 60 61 62
f 63 56 64
f 62 42 41
f 65 66 67
f 68 60 69
f 70 71 72
f 73 74 75
f 76 77 78
f 57 68 58
f 79 80 39
f 81 25 82
f 83 48 84
f 14 85 84
f 45 38 86
f 87 44 23
f 88 51 89
f 90 51 88
f 46 88 91
f 92 93 90
f 47 94 95
f 68 69 96
f 97 93 98
f 20 22 26
f 76 85 99
f 40 14 84
f 100 28 54
f 101 35 37
f 102 103 104
f 83 76 70
f 75 74 57
f 98 93 94
f 105 73 12
f 91 38 46
f 106 67 105
f 104 103 107
f 23 108 87
f 109 2 1
f 13 36 110
f 111 71 112
f 91 55 39
f 113 42 114
f 68 57 74
f 59 58 15
f 115 101 34
f 104 37 36
f 102 26 103
f 106 105 12
f 68 74 116
f 117 118 119
f 120 121 122
f 3 32 1
f 83 85 76
f 36 32 31
f 123 73 75
f 70 72 83
f 32 36 13
f 7 63 64
f 37 104 101
f 124 95 92
f 125 30 107
f 126 81 124
f 18 94 19
f 111 11 10
f 51 9 89
f 94 127 98
f 15 3 2
f 86 38 40
f 34 33 115
f 46 45 128
f 40 129 14
f 107 29 34
f 130 123 75
f 128 131 46
f 132 133 134
f 79 10 80
f 124 81 95
f 132 10 49
f 121 4 117
f 48 83 19
f 68 96 58
f 114 107 135
f 103 22 135
f 66 118 60
f 11 111 112
f 14 109 1
f 12 136 106
f 137 28 100
f 8 55 91
f 138 32 3
f 24 82 25
f 44 131 24
f 124 92 88
f 41 139 21
f 89 8 91
f 65 67 122
f 94 18 127
f 6 61 118
f 132 134 10
f 67 106 122
f 56 55 140
f 109 123 130
f 106 136 120
f 34 104 107
f 81 48 95
f 137 112 78
f 49 10 79
f 62 41 69
f 41 43 139
f 136 100 120
f 123 109 40
f 141 107 114
f 142 13 110
f 100 136 11
f 101 115 35
f 114 42 62
f 138 27 32
f 8 89 9
f 63 7 9
f 86 84 81
f 17 133 127
f 7 64 140
f 121 120 100
f 132 98 133
f 89 91 88
f 96 69 21
f 50 9 51
f 21 69 41
f 26 102 36
f 143 54 30
f 42 113 43
f 28 144 29
f 73 123 12
f 52 143 141
f 103 135 107
f 92 95 94
f 1 32 13
f 108 23 145
f 92 90 88
f 11 136 12
f 109 59 2
f 146 44 87
f 141 4 53
f 54 28 30
f 115 33 144
f 98 132 97
f 16 20 27
f 122 117 119
f 106 120 122
f 57 59 130
f 142 99 85
f 52 141 53
f 132 49 97
f 108 145 126
f 101 104 34
f 116 67 66
f 137 100 112
f 110 35 144
f 5 141 114
f 35 110 36
f 6 5 61
f 40 80 123
f 116 73 105
f 30 125 143
f 16 15 58
f 70 78 71
f 111 10 134
f 73 116 74
f 86 40 84
f 60 62 69
f 72 71 111
f 14 142 85
f 131 128 24
f 100 11 112
f 21 16 96
f 82 86 81
f 76 99 77
f 70 76 78
f 146 131 44
f 49 90 97
f 45 86 82
f 21 20 16
f 145 25 81
f 116 66 68
f 29 107 30
f 31 26 36
f 67 116 105
f 111 134 133
f 84 85 83
f 99 142 110
f 140 64 56
f 50 63 9
f 147 126 124
f 139 135 21
f 78 77 28
f 54 143 52
f 114 62 61
f 49 79 50
f 108 126 147
f 56 79 39
f 113 114 135
f 122 121 117
f 72 19 83
f 125 107 143
f 23 25 145
f 82 128 45
f 29 144 33
f 26 22 103
f 139 43 135
f 99 110 77
f 60 118 61
f 147 124 88
f 123 80 12
f 54 53 121
f 142 14 13
f 130 59 109
f 75 57 130
f 3 27 138
f 55 8 140
f 115 144 35
f 128 82 24
f 121 100 54
f 92 94 93
f 18 17 127
f 65 122 119
f 16 58 96
f 145 81 126
f 118 117 6
f 50 79 148
f 88 46 146
f 80 10 12
f 148 63 50
f 21 135 22
f 94 47 19
f 110 28 77
f 66 60 68
f 147 87 108
f 46 131 146
f 111 17 72
f 27 26 31
f 121 53 4
f 90 93 97
f 78 28 137
f 65 118 66
f 17 19 72
f 65 119 118
f 43 113 135
f 81 84 48
f 16 27 3
f 109 14 129
f 51 90 49
f 111 133 17
f 144 28 110
f 129 40 109
f 36 102 104
f 91 39 38
f 95 48 47
f 4 141 5
f 71 78 112
f 133 98 127
f 147 88 146
f 143 107 141
f 59 15 2
f 4 6 117
f 147 146 87
f 140 8 7
f 5 114 61
f 39 80 40
f 148 79 56
f 63 148 56
